1 1 0
1 1 0.001
1 1 0.005
1 1 0.01
1 1 0.025
1 2.5 0
1 2.5 0.001
1 2.5 0.005
1 2.5 0.01
1 2.5 0.025
1 5 0
1 5 0.001
1 5 0.005
1 5 0.01
1 5 0.025
1 10 0
1 10 0.001
1 10 0.005
1 10 0.01
1 10 0.025
1 25 0
1 25 0.001
1 25 0.005
1 25 0.01
1 25 0.025
2 1 0
2 1 0.001
2 1 0.005
2 1 0.01
2 1 0.025
2 2.5 0
2 2.5 0.001
2 2.5 0.005
2 2.5 0.01
2 2.5 0.025
2 5 0
2 5 0.001
2 5 0.005
2 5 0.01
2 5 0.025
2 10 0
2 10 0.001
2 10 0.005
2 10 0.01
2 10 0.025
2 25 0
2 25 0.001
2 25 0.005
2 25 0.01
2 25 0.025
3 1 0
3 1 0.001
3 1 0.005
3 1 0.01
3 1 0.025
3 2.5 0
3 2.5 0.001
3 2.5 0.005
3 2.5 0.01
3 2.5 0.025
3 5 0
3 5 0.001
3 5 0.005
3 5 0.01
3 5 0.025
3 10 0
3 10 0.001
3 10 0.005
3 10 0.01
3 10 0.025
3 25 0
3 25 0.001
3 25 0.005
3 25 0.01
3 25 0.025
