0.5 1 0
0.5 1 0.001
0.5 1 0.005
0.5 1 0.01
0.5 1 0.025
0.5 2.5 0
0.5 2.5 0.001
0.5 2.5 0.005
0.5 2.5 0.01
0.5 2.5 0.025
0.5 5 0
0.5 5 0.001
0.5 5 0.005
0.5 5 0.01
0.5 5 0.025
0.5 10 0
0.5 10 0.001
0.5 10 0.005
0.5 10 0.01
0.5 10 0.025
0.5 25 0
0.5 25 0.001
0.5 25 0.005
0.5 25 0.01
0.5 25 0.025
1 1 0
1 1 0.001
1 1 0.005
1 1 0.01
1 1 0.025
1 2.5 0
1 2.5 0.001
1 2.5 0.005
1 2.5 0.01
1 2.5 0.025
1 5 0
1 5 0.001
1 5 0.005
1 5 0.01
1 5 0.025
1 10 0
1 10 0.001
1 10 0.005
1 10 0.01
1 10 0.025
1 25 0
1 25 0.001
1 25 0.005
1 25 0.01
1 25 0.025
2.5 1 0
2.5 1 0.001
2.5 1 0.005
2.5 1 0.01
2.5 1 0.025
2.5 2.5 0
2.5 2.5 0.001
2.5 2.5 0.005
2.5 2.5 0.01
2.5 2.5 0.025
2.5 5 0
2.5 5 0.001
2.5 5 0.005
2.5 5 0.01
2.5 5 0.025
2.5 10 0
2.5 10 0.001
2.5 10 0.005
2.5 10 0.01
2.5 10 0.025
2.5 25 0
2.5 25 0.001
2.5 25 0.005
2.5 25 0.01
2.5 25 0.025
5 1 0
5 1 0.001
5 1 0.005
5 1 0.01
5 1 0.025
5 2.5 0
5 2.5 0.001
5 2.5 0.005
5 2.5 0.01
5 2.5 0.025
5 5 0
5 5 0.001
5 5 0.005
5 5 0.01
5 5 0.025
5 10 0
5 10 0.001
5 10 0.005
5 10 0.01
5 10 0.025
5 25 0
5 25 0.001
5 25 0.005
5 25 0.01
5 25 0.025
10 1 0
10 1 0.001
10 1 0.005
10 1 0.01
10 1 0.025
10 2.5 0
10 2.5 0.001
10 2.5 0.005
10 2.5 0.01
10 2.5 0.025
10 5 0
10 5 0.001
10 5 0.005
10 5 0.01
10 5 0.025
10 10 0
10 10 0.001
10 10 0.005
10 10 0.01
10 10 0.025
10 25 0
10 25 0.001
10 25 0.005
10 25 0.01
10 25 0.025
